428 1
164 1
705 1
216 0
226 0
487 0
164 1
186 0
662 1
564 1
615 1
173 0
841 0
962 1
31 1
168 0
102 0
107 1
1012 1
230 0
409 0
456 0
393 0
552 0
45 0
248 0
512 1
414 1
258 1
4 0
1052 1
879 1
23 0
966 0
598 1
296 0
233 0
1022 0
792 0
625 1
858 1
7 0
330 0
300 0
999 0
648 0
540 0
175 1
767 0
797 0
97 0
651 0
30 0
425 1
229 0
1040 0
847 0
555 0
792 1
954 1
46 0
546 0
869 0
163 0
315 1
475 1
728 1
470 0
664 1
362 1
824 1
969 1
23 0
33 0
1010 1
936 1
178 1
1036 1
664 0
149 1
305 1
104 1
423 1
70 0
868 0
485 1
773 0
494 0
726 0
972 0
340 1
119 0
711 1
489 1
65 1
985 1
650 0
409 1
366 0
674 1
600 1
773 1
1061 1
368 0
731 0
726 0
522 0
1079 0
452 0
91 0
264 1
264 0
755 0
474 0
421 0
247 0
989 1
495 1
250 0
754 1
1012 1
339 0
412 0
467 0
15 0
723 0
34 1
886 0
958 1
406 1
0 0
92 1
1032 1
174 0
621 1
922 1
176 1
548 1
382 1
476 0
311 0
756 0
125 0
986 0
569 1
934 1
668 1
1091 0
83 0
27 0
471 0
12 1
27 1
45 0
585 0
37 0
413 1
50 1
1011 0
649 0
354 0
681 1
467 1
1093 1
172 0
830 0
942 1
677 1
702 0
281 0
23 0
323 1
95 1
127 1
510 0
58 0
687 0
628 0
58 1
1060 1
386 1
910 0
528 0
341 0
203 0
665 1
781 0
750 1
998 0
461 0
856 1
478 1
735 1
175 1
286 0
660 1
748 0
892 0
740 1
635 0
599 0
992 1
728 0
369 0
894 0
452 0
932 1
608 1
197 0
149 1
441 1
700 1
948 0
51 1
33 0
800 1
90 0
519 1
578 0
644 1
287 0
525 1
38 1
693 0
811 0
434 0
697 0
929 1
105 0
192 1
349 0
579 0
477 1
393 1
597 0
476 0
1082 0
159 0
89 0
149 1
272 0
608 0
308 1
903 1
707 0
1074 0
511 0
161 1
790 0
183 1
132 0
541 0
213 0
496 0
815 0
399 0
280 0
632 0
684 1
217 0
970 0
182 1
223 1
5 0
595 1
16 0
278 0
858 1
650 1
629 1
795 1
476 0
1099 1
165 0
408 1
243 0
914 1
655 0
473 1
148 0
1086 1
1046 0
117 1
216 1
391 0
912 1
993 0
1015 1
457 1
752 0
851 0
426 1
455 0
694 1
697 0
665 1
461 1
178 0
940 0
47 1
170 1
289 1
649 0
665 1
782 0
1032 1
967 0
482 0
41 0
1087 1
979 1
1038 1
747 1
846 0
459 0
722 1
786 0
928 1
460 0
777 1
403 0
431 1
355 0
106 1
421 0
981 0
255 1
724 1
335 0
674 0
798 1
453 0
735 0
288 1
32 1
80 1
378 0
501 0
999 1
1063 1
673 0
145 1
774 1
153 0
987 1
510 1
965 1
329 0
1012 1
1081 0
490 1
5 1
332 0
520 1
31 1
293 0
178 0
6 0
566 1
197 0
594 0
488 1
384 1
378 1
715 1
384 0
306 0
1097 0
190 0
785 1
499 0
910 0
413 1
585 1
280 0
667 1
244 1
207 0
227 0
31 0
571 0
293 0
337 1
4 1
406 1
422 0
600 1
1037 0
488 0
89 1
981 1
84 1
861 1
517 1
982 1
265 1
104 1
395 0
521 1
881 0
406 0
43 0
680 1
568 0
513 1
1051 0
1079 0
540 0
833 1
863 1
253 1
995 0
874 1
435 0
176 0
225 1
608 1
356 1
232 0
540 1
662 1
1062 1
736 0
402 1
180 0
1076 0
693 0
846 0
573 0
80 1
72 1
707 0
866 1
488 1
668 1
696 1
1009 1
536 0
62 1
742 1
322 1
448 0
968 0
914 1
90 0
659 1
995 1
640 1
1099 1
591 1
981 1
1053 0
129 1
442 1
283 1
414 0
144 0
629 1
164 0
770 1
147 1
587 0
1076 0
1040 1
890 1
510 0
345 1
970 1
489 1
578 1
606 1
335 0
796 1
988 1
1079 1
490 1
265 0
405 1
367 1
934 1
357 1
245 0
1018 1
544 0
863 0
664 0
423 1
1004 0
27 1
592 1
563 1
363 1
265 1
345 1
495 0
722 1
551 0
355 1
1038 1
82 1
554 0
807 0
238 1
290 0
54 1
223 0
278 1
81 0
33 0
794 1
146 0
845 1
916 1
689 0
1063 0
397 1
730 1
808 0
274 1
972 0
555 1
761 0
106 0
475 0
919 0
732 1
679 0
683 1
36 1
1018 1
428 1
777 1
891 1
795 0
1001 0
132 1
180 0
407 1
574 0
390 1
341 0
629 1
974 0
291 0
387 1
1039 0
853 1
781 1
605 1
879 0
639 1
798 0
539 1
121 1
426 1
738 0
481 0
178 1
1023 1
634 1
749 1
1007 0
941 0
646 1
437 1
400 1
890 0
135 0
710 0
382 1
789 0
674 1
922 1
566 1
538 0
111 0
667 1
467 1
642 1
647 1
1017 0
823 1
403 0
151 0
936 0
667 0
605 0
262 1
275 1
931 0
344 1
403 1
215 0
219 0
491 0
233 1
442 1
700 1
1078 0
57 1
893 1
203 0
733 0
71 0
290 1
741 0
347 0
858 0
2 1
290 1
168 0
395 0
408 1
242 1
599 0
378 0
557 0
747 1
945 1
13 0
410 0
85 1
4 1
803 0
69 0
229 0
174 0
430 1
944 0
918 1
1063 1
173 0
31 0
911 1
98 1
503 0
379 0
943 1
288 0
534 1
522 0
1011 0
151 0
77 0
176 0
820 0
348 1
279 0
357 1
562 1
762 0
1070 0
473 0
586 1
617 0
792 1
267 0
65 1
332 1
681 1
530 1
1031 0
52 1
472 0
907 0
128 1
890 1
877 0
1036 1
843 1
133 0
793 1
474 0
182 1
961 1
962 0
97 1
823 1
217 0
103 0
483 0
659 1
586 1
865 1
340 1
397 1
650 1
721 0
881 1
1071 1
499 1
779 0
800 0
261 0
205 0
128 0
622 1
460 0
835 0
914 1
893 1
461 0
638 0
738 0
655 0
971 1
252 0
33 0
465 1
201 0
659 0
848 1
92 1
833 1
603 1
711 0
468 0
898 1
948 1
647 1
131 1
75 1
149 0
399 0
343 1
554 1
34 1
867 1
393 0
166 0
608 1
1084 1
667 0
569 0
11 0
690 0
643 1
699 0
595 0
758 0
1058 1
289 1
40 1
564 0
26 1
303 1
12 0
470 0
95 0
286 1
209 1
283 1
290 1
1086 0
381 1
202 0
62 1
265 0
832 0
128 1
1089 0
983 0
365 1
645 0
321 0
320 1
573 1
851 0
136 1
101 0
510 1
990 0
1071 0
1035 0
782 1
18 1
312 1
598 1
562 1
992 1
547 1
403 0
1015 1
558 1
445 1
699 0
1072 1
962 1
573 0
238 0
242 1
503 0
625 1
301 0
782 0
936 1
339 0
21 0
763 0
675 1
681 0
261 0
602 0
895 0
916 0
707 1
384 1
559 0
458 1
68 1
119 1
1041 1
1064 1
315 1
329 0
315 1
436 1
259 1
252 0
41 1
348 1
798 1
424 0
533 0
738 1
262 0
684 1
578 1
685 1
1024 0
5 1
365 0
7 1
584 1
490 0
991 0
485 1
990 0
398 0
118 0
724 1
476 1
1069 0
827 0
768 1
302 0
500 0
18 1
684 0
356 1
232 0
414 0
639 1
820 0
354 1
841 0
442 0
921 0
746 0
909 0
108 1
1033 1
504 0
242 1
760 0
820 1
778 1
113 1
191 1
615 0
61 0
911 0
851 1
170 0
7 0
1084 1
1 1
758 1
690 1
712 1
160 1
772 1
776 0
773 1
151 0
628 1
861 0
603 1
607 1
251 0
892 1
319 0
307 0
705 0
583 0
509 0
438 1
1071 0
854 1
514 1
329 1
166 1
56 1
870 0
866 1
683 0
1053 0
691 1
86 1
229 1
817 0
256 1
152 0
766 0
260 1
331 1
367 0
198 0
920 0
907 1
16 1
42 0
63 1
147 0
30 1
1043 1
14 0
617 0
820 0
392 1
454 0
393 0
675 0
112 0
951 0
879 0
277 1
361 1
572 1
844 0
263 1
846 0
508 0
330 1
964 1
1046 0
881 1
211 0
1091 0
723 0
491 1
930 1
869 0
700 1
1017 1
114 1
341 1
967 0
653 0
773 1
503 1
216 1
67 1
902 1
657 0
167 1
766 0
1071 1
445 1
738 0
947 1
192 1
757 1
53 1
780 1
530 0
120 1
177 0
86 0
89 0
44 1
210 0
519 0
427 1
619 1
716 1
496 0
458 1
393 0
149 0
72 0
194 0
1033 0
929 0
528 1
241 1
688 1
1033 0
70 1
361 1
8 0
162 0
278 0
797 1
1038 1
1083 1
795 0
1033 0
357 1
834 1
535 1
393 0
793 1
951 0
94 0
774 1
597 0
495 1
392 1
437 0
613 0
810 0
128 1
186 1
140 0
1069 0
993 0
662 0
427 0
1094 1
413 1
213 1
964 1
395 1
81 0
209 0
868 0
511 0
935 0
333 1
762 0
77 1
140 1
800 0
1058 0
954 0
1030 1
395 1
223 1
727 0
511 1
754 1
153 0
421 1
128 1
200 1
471 1
852 0
331 1
134 0
286 0
1048 0
165 1
412 0
852 0
887 1
657 0
956 0
1050 0
701 0
999 1
344 0
75 1
350 0
866 0
1 0
643 1
80 1
218 1
263 1
829 0
254 0
779 1
666 1
77 1
102 1
192 1
672 1
623 0
548 1
997 1
908 0
793 1
381 1
10 0
856 0
165 1
969 1
453 1
584 1
245 0
833 0
500 1
894 0
685 1
681 0
856 0
972 0
801 0
735 0
571 0
537 1
968 1
695 1
1003 1
411 0
234 1
393 0
961 0
358 0
406 0
143 1
527 0
84 1
393 0
24 1
282 0
927 1
146 1
89 0
637 0
59 0
356 0
203 1
800 0
825 1
695 1
215 0
106 0
841 0
698 1
813 1
312 1
857 0
639 0
194 0
643 0
811 0
355 0
447 0
990 0
1027 1
154 1
372 0
741 0
146 1
713 1
329 0
103 1
293 0
187 1
879 0
525 1
460 0
507 0
192 1
717 1
603 1
293 1
411 1
928 1
848 0
892 0
754 0
153 1
747 0
826 0
604 1
1071 0
1005 0
56 1
167 0
919 1
566 1
546 1
987 1
912 1
799 1
197 0
28 1
504 0
68 0
896 1
820 0
418 0
319 1
574 0
559 0
514 1
403 1
651 0
414 1
251 1
90 1
783 1
184 0
286 0
948 1
197 1
68 0
648 1
482 1
169 1
1077 1
404 0
743 0
411 1
292 1
890 0
590 1
474 1
574 1
373 0
618 1
333 1
111 0
963 0
949 0
145 0
20 1
571 0
921 0
857 0
582 1
1022 0
906 1
289 0
645 0
323 1
750 0
836 1
206 1
513 0
580 1
543 0
245 1
549 0
314 1
427 1
704 0
817 0
555 1
1086 0
698 0
511 1
858 1
1075 0
632 0
896 1
12 0
429 0
536 0
53 1
770 0
752 1
697 1
401 1
193 1
316 0
28 0
225 1
896 0
544 1
726 0
358 0
1021 0
908 0
528 1
547 1
180 1
928 1
526 0
777 1
747 1
131 1
984 0
269 0
456 1
545 1
616 1
1097 0
790 1
549 1
186 1
1075 0
877 1
987 0
482 1
700 1
289 0
1015 0
510 0
299 0
907 1
304 0
585 1
1092 1
712 1
883 0
729 1
633 1
1064 0
857 1
610 0
908 0
232 1
684 1
801 1
1083 1
992 0
1087 0
610 0
535 0
715 1
1077 1
234 0
833 1
86 0
534 0
1049 1
584 0
292 0
222 0
213 1
273 0
1060 0
753 0
822 1
437 0
706 1
197 1
636 1
1099 1
798 0
547 1
592 0
196 1
628 1
842 0
95 0
337 0
167 0
993 1
1046 1
724 1
865 0
906 1
92 1
575 1
1061 0
218 1
327 1
396 0
341 1
290 0
215 0
223 0
244 0
37 0
393 0
171 1
777 0
900 1
385 0
618 1
106 0
908 1
225 1
980 0
770 0
147 0
436 0
800 0
1064 1
640 1
504 0
866 1
470 1
606 1
156 0
566 1
678 1
574 1
991 1
132 0
1096 0
790 1
607 1
746 0
702 0
126 1
106 1
450 0
879 0
522 0
401 1
176 0
757 0
538 0
244 0
680 1
943 0
461 0
439 1
490 0
979 0
519 0
284 1
277 1
1013 1
171 1
939 0
721 0
734 1
458 1
969 0
1004 1
902 0
138 1
265 0
181 0
223 1
671 1
482 1
616 0
1019 0
13 1
1051 1
183 1
638 0
984 0
401 1
133 0
214 1
1095 1
341 0
1077 0
565 0
138 1
67 0
587 1
622 0
1041 1
404 0
668 0
72 1
174 0
737 0
1041 1
418 1
974 1
846 0
224 0
181 0
340 0
996 0
827 0
918 1
841 1
791 1
759 1
417 0
843 0
564 0
57 1
1066 0
146 1
89 0
1045 0
1052 1
626 1
284 1
650 1
146 1
370 1
395 0
323 1
256 0
1010 0
192 0
990 0
652 1
615 0
761 0
84 0
334 1
582 0
836 0
890 0
582 1
16 0
625 0
110 1
182 0
793 1
254 0
595 1
138 0
920 1
383 1
496 1
490 1
389 0
383 1
129 1
779 1
700 1
845 0
1051 1
363 0
607 1
676 0
211 1
64 1
831 0
798 0
355 0
957 1
64 0
810 0
265 0
1065 0
340 0
342 1
94 0
370 0
300 1
206 0
496 0
1011 1
415 1
475 1
348 0
979 1
1021 0
797 0
309 1
71 0
922 0
297 1
799 1
220 0
484 0
815 0
785 1
299 1
908 1
469 0
479 1
707 0
406 1
975 1
324 0
174 1
328 0
945 0
714 1
1068 1
507 0
404 1
597 1
555 1
143 1
197 1
936 1
333 1
930 0
104 0
388 1
954 0
276 0
15 1
931 0
175 0
714 0
157 0
738 0
47 1
418 0
331 0
819 1
90 1
972 1
402 1
528 0
698 1
1045 1
22 0
294 0
744 1
647 1
485 0
923 0
153 1
630 0
366 1
512 0
18 0
142 1
706 0
784 0
570 1
550 0
511 1
495 0
520 0
383 1
392 0
184 0
87 1
843 0
359 0
816 1
832 0
83 1
15 0
916 0
39 0
1005 1
546 1
575 1
587 1
530 0
835 0
573 1
1073 0
786 1
985 1
745 0
685 1
135 1
83 1
696 0
985 0
521 0
1082 0
1088 0
736 1
665 0
898 0
1086 0
1076 1
21 1
645 0
1064 0
372 1
170 1
854 0
80 1
291 0
810 0
567 1
575 1
799 0
490 1
456 0
903 0
67 0
442 1
266 1
986 0
498 1
764 0
865 1
540 0
614 0
412 0
38 0
425 0
649 0
879 1
238 1
721 1
491 1
939 1
65 0
773 0
1070 1
653 1
1008 0
29 1
189 0
771 1
859 1
472 1
1066 0
570 0
199 0
550 1
836 0
706 0
413 1
471 1
573 1
1073 1
302 0
617 1
653 1
795 0
613 1
970 0
205 1
633 0
452 1
819 1
93 0
565 1
44 1
771 1
599 1
896 1
1052 1
453 0
90 1
157 1
109 0
386 1
259 1
235 1
801 0
869 0
131 0
774 0
43 1
116 0
811 0
222 1
157 1
474 1
1083 0
795 0
483 0
903 1
100 0
580 0
105 0
858 0
657 0
1020 1
556 0
32 1
682 0
320 1
174 0
294 1
464 1
1014 0
190 0
955 1
667 1
1031 0
680 1
728 0
320 0
191 1
87 0
26 0
359 1
1020 0
514 1
1047 0
434 0
751 0
678 0
489 0
276 0
790 0
772 1
601 1
644 0
139 1
827 1
486 1
727 0
23 1
514 1
344 1
569 0
876 0
252 0
737 0
988 1
688 0
574 0
615 1
356 0
816 0
29 0
884 0
449 0
426 0
302 0
1016 1
252 1
655 1
844 1
743 0
99 0
121 0
613 1
393 1
1060 1
274 1
601 1
8 0
26 1
991 0
1029 0
177 0
8 1
922 0
837 0
603 0
212 0
753 1
699 1
902 0
869 0
629 0
338 0
826 0
634 1
148 0
703 1
218 1
1037 1
1079 1
44 1
1061 1
1076 1
845 0
972 0
1096 0
135 1
129 1
432 0
758 0
420 1
1024 0
326 0
183 0
874 1
188 1
864 0
1077 0
742 1
923 0
225 0
342 1
349 0
390 1
728 0
304 1
409 1
679 1
183 0
632 0
799 0
47 1
990 1
259 1
139 0
80 0
878 1
856 0
844 0
725 1
298 0
380 0
564 1
872 0
893 1
805 0
1033 0
87 1
238 0
1064 1
699 0
1008 0
238 0
638 0
759 1
744 1
569 0
118 1
658 1
1061 1
390 1
126 0
504 1
968 0
547 1
166 0
765 0
100 0
573 1
768 0
779 1
128 0
58 0
167 1
734 0
769 0
470 0
635 1
611 0
350 0
945 0
854 1
517 1
242 1
373 0
79 1
588 1
886 1
909 0
721 0
181 1
920 0
654 1
1084 1
999 1
129 0
557 0
465 1
349 0
1092 0
419 0
713 1
717 1
460 1
153 1
1062 1
454 0
134 0
850 0
1045 1
947 0
361 1
459 0
685 0
518 1
868 1
150 0
599 0
235 0
592 0
882 0
16 1
558 1
399 1
657 1
971 0
180 0
706 1
86 1
552 1
1035 0
928 1
660 0
49 1
1085 0
657 0
441 1
593 0
233 0
68 1
235 1
396 1
661 1
84 1
999 1
849 1
906 0
787 0
769 0
488 1
1083 1
158 0
438 0
20 1
358 0
223 1
598 1
1070 0
1096 1
88 1
746 1
575 0
219 1
897 1
554 1
858 0
691 0
637 1
32 0
1036 1
58 0
685 0
884 1
927 1
226 1
236 0
270 1
248 1
899 1
273 1
651 1
117 1
871 1
229 0
44 1
1067 0
928 0
534 0
157 1
581 0
541 1
349 1
499 1
799 1
45 1
201 0
983 0
935 1
195 0
670 1
117 1
152 0
1073 0
655 0
70 0
130 1
865 0
780 0
258 0
508 0
67 1
528 1
299 0
670 0
112 0
464 0
284 1
311 0
1068 0
726 0
866 0
788 0
465 0
847 0
959 0
271 0
110 0
766 1
570 0
625 1
374 0
443 0
36 1
216 1
834 0
961 1
515 1
882 0
1082 1
0 0
637 1
300 0
464 0
495 1
1029 1
88 1
944 0
175 0
990 1
519 0
795 1
307 0
1074 1
256 0
732 0
822 0
553 1
355 1
125 1
928 1
427 1
790 0
554 0
1092 1
518 0
956 0
82 0
39 1
593 1
269 1
133 1
292 1
326 1
380 0
561 0
507 1
45 0
421 0
582 0
991 0
315 0
1043 1
471 1
635 0
112 1
267 1
452 1
728 0
429 0
99 0
151 1
641 0
683 0
444 0
877 0
802 1
902 0
249 1
75 0
438 0
595 1
705 1
923 0
1041 1
330 0
520 1
443 1
374 1
400 0
75 1
930 1
22 0
290 0
252 1
982 0
988 1
960 1
23 1
359 0
443 1
984 1
868 1
998 0
1079 0
713 1
47 0
671 0
244 0
1048 0
253 0
688 1
825 1
690 1
146 1
275 0
878 0
203 1
377 1
548 0
894 0
629 0
638 0
72 1
462 0
167 1
565 0
259 1
989 0
519 0
1040 1
432 0
422 1
761 1
841 0
932 0
461 0
413 0
345 1
710 0
670 0
296 1
814 0
110 1
852 1
471 1
830 0
861 0
751 1
83 0
358 0
95 0
314 0
484 0
512 1
841 1
290 1
11 1
582 1
287 1
550 1
668 1
84 0
535 1
1005 0
792 1
50 0
360 0
1059 1
723 1
700 1
556 1
148 0
707 1
791 1
182 0
519 0
979 0
19 1
201 1
624 1
625 1
583 1
388 1
763 0
934 0
651 0
624 1
267 1
1040 1
755 1
561 0
627 0
739 0
237 0
648 0
448 0
721 1
1075 1
614 1
862 1
1076 0
758 0
984 1
566 0
56 0
29 0
429 1
1043 1
301 0
820 0
736 1
982 0
866 0
593 0
879 0
487 1
397 1
94 0
53 1
803 0
20 0
553 0
633 0
265 1
180 0
466 1
868 0
828 0
944 1
649 1
1003 1
1040 0
210 1
982 1
687 1
861 1
1099 1
918 1
258 1
858 1
578 0
957 0
621 0
456 0
360 1
43 0
441 0
52 1
711 0
893 1
281 1
460 1
371 0
194 0
635 0
1055 0
523 1
88 0
710 1
632 1
410 0
19 1
889 0
451 1
223 1
149 1
207 0
84 0
512 1
4 1
62 0
951 1
532 1
238 1
328 1
226 0
345 0
905 0
957 1
601 0
527 1
353 0
142 1
749 1
1055 0
248 0
815 1
73 1
349 1
269 1
270 1
1068 1
1078 0
781 0
1086 1
731 1
259 0
689 0
438 0
472 0
356 0
547 1
811 1
219 0
105 1
788 1
445 1
892 1
376 0
403 1
199 1
267 0
814 0
293 1
154 1
231 0
226 1
299 1
1074 1
12 0
957 1
791 1
629 0
161 1
796 0
883 0
554 1
502 0
676 1
281 0
823 1
843 0
1069 0
189 0
699 1
979 1
452 0
850 1
345 0
971 1
590 1
277 0
919 1
828 0
222 0
1085 0
484 0
184 1
1015 1
681 1
559 0
146 0
927 0
621 1
318 1
450 0
1061 1
358 0
971 0
302 1
620 0
253 0
286 0
135 1
313 0
1092 1
465 0
336 0
646 1
812 0
615 0
426 1
773 1
880 0
890 1
14 1
357 1
149 0
85 0
502 0
474 0
748 0
38 1
737 0
692 0
1043 0
881 1
191 0
184 1
685 0
199 1
86 0
450 1
485 1
8 0
699 0
496 1
31 1
502 0
837 0
277 0
251 0
163 0
205 1
367 1
1055 0
895 1
472 0
970 0
521 0
223 1
265 1
635 0
199 1
1092 1
424 0
566 1
622 1
618 0
592 1
761 0
1028 0
149 0
1026 1
178 0
338 1
244 1
139 1
840 1
266 0
448 1
51 1
851 1
1057 0
909 1
676 1
723 0
54 0
906 1
799 1
830 0
258 1
84 0
